enter the natural frequency of oscillation wn = 27
enter the damping ratio zeta = 0.3
  w(rad/s)      |Mag|(dB)     Phase(deg)
   1.0e+03 *

    0.0000    0.0000   -0.0000
    0.0000    0.0000   -0.0000
    0.0000    0.0000   -0.0000
    0.0000    0.0000   -0.0000
    0.0000    0.0000   -0.0000
    0.0000    0.0000   -0.0000
    0.0000    0.0000   -0.0000
    0.0000    0.0000   -0.0000
    0.0000    0.0000   -0.0000
    0.0000    0.0000   -0.0000
    0.0000    0.0000   -0.0000
    0.0000    0.0000   -0.0000
    0.0000    0.0000   -0.0001
    0.0000    0.0000   -0.0001
    0.0001    0.0000   -0.0001
    0.0001    0.0000   -0.0001
    0.0001    0.0000   -0.0001
    0.0001    0.0000   -0.0001
    0.0001    0.0000   -0.0001
    0.0001    0.0000   -0.0001
    0.0001    0.0000   -0.0001
    0.0001    0.0000   -0.0001
    0.0001    0.0000   -0.0002
    0.0001    0.0000   -0.0002
    0.0002    0.0000   -0.0002
    0.0002    0.0000   -0.0002
    0.0002    0.0000   -0.0003
    0.0002    0.0000   -0.0003
    0.0003    0.0000   -0.0003
    0.0003    0.0000   -0.0004
    0.0003    0.0000   -0.0004
    0.0004    0.0000   -0.0005
    0.0004    0.0000   -0.0005
    0.0005    0.0000   -0.0006
    0.0005    0.0000   -0.0007
    0.0006    0.0000   -0.0007
    0.0007    0.0000   -0.0008
    0.0007    0.0000   -0.0009
    0.0008    0.0000   -0.0011
    0.0009    0.0000   -0.0012
    0.0010    0.0000   -0.0013
    0.0012    0.0000   -0.0015
    0.0013    0.0000   -0.0017
    0.0015    0.0000   -0.0019
    0.0017    0.0000   -0.0021
    0.0019    0.0000   -0.0024
    0.0021    0.0000   -0.0027
    0.0024    0.0001   -0.0030
    0.0027    0.0001   -0.0034
    0.0030    0.0001   -0.0038
    0.0034    0.0001   -0.0043
    0.0038    0.0001   -0.0049
    0.0042    0.0002   -0.0055
    0.0048    0.0002   -0.0062
    0.0053    0.0003   -0.0070
    0.0060    0.0004   -0.0080
    0.0067    0.0004   -0.0091
    0.0076    0.0006   -0.0103
    0.0085    0.0007   -0.0118
    0.0095    0.0009   -0.0136
    0.0107    0.0012   -0.0158
    0.0120    0.0015   -0.0185
    0.0135    0.0019   -0.0219
    0.0152    0.0024   -0.0263
    0.0171    0.0030   -0.0323
    0.0192    0.0037   -0.0407
    0.0215    0.0044   -0.0528
    0.0242    0.0048   -0.0699
    0.0272    0.0044   -0.0913
    0.0305    0.0027   -0.1124
    0.0343    0.0002   -0.1289
    0.0385   -0.0026   -0.1405
    0.0433   -0.0053   -0.1485
    0.0486   -0.0079   -0.1543
    0.0546   -0.0104   -0.1586
    0.0614   -0.0128   -0.1619
    0.0689   -0.0152   -0.1645
    0.0774   -0.0174   -0.1666
    0.0870   -0.0196   -0.1684
    0.0977   -0.0218   -0.1698
    0.1097   -0.0239   -0.1711
    0.1233   -0.0260   -0.1721
    0.1385   -0.0281   -0.1731
    0.1556   -0.0302   -0.1739
    0.1748   -0.0323   -0.1746
    0.1963   -0.0343   -0.1752
    0.2205   -0.0364   -0.1757
    0.2477   -0.0384   -0.1762
    0.2783   -0.0405   -0.1766
    0.3126   -0.0425   -0.1770
    0.3511   -0.0445   -0.1773
    0.3944   -0.0466   -0.1776
    0.4431   -0.0486   -0.1779
    0.4977   -0.0506   -0.1781
    0.5591   -0.0526   -0.1783
    0.6280   -0.0547   -0.1785
    0.7055   -0.0567   -0.1787
    0.7925   -0.0587   -0.1788
    0.8902   -0.0607   -0.1790
    1.0000   -0.0627   -0.1791